1986.5 0.5 0.28
1986.5 1.5 0.28
1986.5 1.5 0.55
1986.5 2.5 0.55
1986.5 2.5 0.01
1986.5 3.5 0.01
1986.5 3.5 0.08
1986.5 4.5 0.08
1986.5 4.5 0.22
1986.5 5.5 0.22
1986.5 5.5 0.19
1986.5 6.5 0.19
1986.5 6.5 0.28
1986.5 7.5 0.28
1986.5 7.5 0.28
1986.5 8.5 0.28
1986.5 8.5 0.43
1986.5 9.5 0.43
1986.5 9.5 0.23
1986.5 10.5 0.23
1986.5 10.5 0.09
1986.5 11.5 0.09
1986.5 11.5 0.53
1986.5 12.5 0.53

1987.5 0.5 0.28
1987.5 1.5 0.28
1987.5 1.5 0.55
1987.5 2.5 0.55
1987.5 2.5 0.01
1987.5 3.5 0.01
1987.5 3.5 0.08
1987.5 4.5 0.08
1987.5 4.5 0.22
1987.5 5.5 0.22
1987.5 5.5 0.19
1987.5 6.5 0.19
1987.5 6.5 0.28
1987.5 7.5 0.28
1987.5 7.5 0.28
1987.5 8.5 0.28
1987.5 8.5 0.43
1987.5 9.5 0.43
1987.5 9.5 0.23
1987.5 10.5 0.23
1987.5 10.5 0.09
1987.5 11.5 0.09
1987.5 11.5 0.53
1987.5 12.5 0.53

1987.5 0.5 0.59
1987.5 1.5 0.59
1987.5 1.5 0.42
1987.5 2.5 0.42
1987.5 2.5 0.48
1987.5 3.5 0.48
1987.5 3.5 0.45
1987.5 4.5 0.45
1987.5 4.5 0.42
1987.5 5.5 0.42
1987.5 5.5 0.39
1987.5 6.5 0.39
1987.5 6.5 0.4
1987.5 7.5 0.4
1987.5 7.5 0.26
1987.5 8.5 0.26
1987.5 8.5 0.28
1987.5 9.5 0.28
1987.5 9.5 0.25
1987.5 10.5 0.25
1987.5 10.5 0.05
1987.5 11.5 0.05
1987.5 11.5 0.48
1987.5 12.5 0.48

1988.5 0.5 0.59
1988.5 1.5 0.59
1988.5 1.5 0.42
1988.5 2.5 0.42
1988.5 2.5 0.48
1988.5 3.5 0.48
1988.5 3.5 0.45
1988.5 4.5 0.45
1988.5 4.5 0.42
1988.5 5.5 0.42
1988.5 5.5 0.39
1988.5 6.5 0.39
1988.5 6.5 0.4
1988.5 7.5 0.4
1988.5 7.5 0.26
1988.5 8.5 0.26
1988.5 8.5 0.28
1988.5 9.5 0.28
1988.5 9.5 0.25
1988.5 10.5 0.25
1988.5 10.5 0.05
1988.5 11.5 0.05
1988.5 11.5 0.48
1988.5 12.5 0.48

1988.5 0.5 0.1
1988.5 1.5 0.1
1988.5 1.5 0.47
1988.5 2.5 0.47
1988.5 2.5 0.43
1988.5 3.5 0.43
1988.5 3.5 0.35
1988.5 4.5 0.35
1988.5 4.5 0.22
1988.5 5.5 0.22
1988.5 5.5 0.26
1988.5 6.5 0.26
1988.5 6.5 0.31
1988.5 7.5 0.31
1988.5 7.5 0.28
1988.5 8.5 0.28
1988.5 8.5 0.28
1988.5 9.5 0.28
1988.5 9.5 0.27
1988.5 10.5 0.27
1988.5 10.5 0.12
1988.5 11.5 0.12
1988.5 11.5 0.37
1988.5 12.5 0.37

1989.5 0.5 0.1
1989.5 1.5 0.1
1989.5 1.5 0.47
1989.5 2.5 0.47
1989.5 2.5 0.43
1989.5 3.5 0.43
1989.5 3.5 0.35
1989.5 4.5 0.35
1989.5 4.5 0.22
1989.5 5.5 0.22
1989.5 5.5 0.26
1989.5 6.5 0.26
1989.5 6.5 0.31
1989.5 7.5 0.31
1989.5 7.5 0.28
1989.5 8.5 0.28
1989.5 8.5 0.28
1989.5 9.5 0.28
1989.5 9.5 0.27
1989.5 10.5 0.27
1989.5 10.5 0.12
1989.5 11.5 0.12
1989.5 11.5 0.37
1989.5 12.5 0.37

1989.5 0.5 0.44
1989.5 1.5 0.44
1989.5 1.5 0.5
1989.5 2.5 0.5
1989.5 2.5 1.15
1989.5 3.5 1.15
1989.5 3.5 0.66
1989.5 4.5 0.66
1989.5 4.5 0.48
1989.5 5.5 0.48
1989.5 5.5 0.49
1989.5 6.5 0.49
1989.5 6.5 0.31
1989.5 7.5 0.31
1989.5 7.5 0.36
1989.5 8.5 0.36
1989.5 8.5 0.41
1989.5 9.5 0.41
1989.5 9.5 0.46
1989.5 10.5 0.46
1989.5 10.5 0.49
1989.5 11.5 0.49
1989.5 11.5 0.38
1989.5 12.5 0.38

1990.5 0.5 0.44
1990.5 1.5 0.44
1990.5 1.5 0.5
1990.5 2.5 0.5
1990.5 2.5 1.15
1990.5 3.5 1.15
1990.5 3.5 0.66
1990.5 4.5 0.66
1990.5 4.5 0.48
1990.5 5.5 0.48
1990.5 5.5 0.49
1990.5 6.5 0.49
1990.5 6.5 0.31
1990.5 7.5 0.31
1990.5 7.5 0.36
1990.5 8.5 0.36
1990.5 8.5 0.41
1990.5 9.5 0.41
1990.5 9.5 0.46
1990.5 10.5 0.46
1990.5 10.5 0.49
1990.5 11.5 0.49
1990.5 11.5 0.38
1990.5 12.5 0.38

1990.5 0.5 0.54
1990.5 1.5 0.54
1990.5 1.5 0.52
1990.5 2.5 0.52
1990.5 2.5 0.45
1990.5 3.5 0.45
1990.5 3.5 0.54
1990.5 4.5 0.54
1990.5 4.5 0.37
1990.5 5.5 0.37
1990.5 5.5 0.44
1990.5 6.5 0.44
1990.5 6.5 0.46
1990.5 7.5 0.46
1990.5 7.5 0.35
1990.5 8.5 0.35
1990.5 8.5 0.39
1990.5 9.5 0.39
1990.5 9.5 0.31
1990.5 10.5 0.31
1990.5 10.5 0.35
1990.5 11.5 0.35
1990.5 11.5 0.21
1990.5 12.5 0.21

1991.5 0.5 0.54
1991.5 1.5 0.54
1991.5 1.5 0.52
1991.5 2.5 0.52
1991.5 2.5 0.45
1991.5 3.5 0.45
1991.5 3.5 0.54
1991.5 4.5 0.54
1991.5 4.5 0.37
1991.5 5.5 0.37
1991.5 5.5 0.44
1991.5 6.5 0.44
1991.5 6.5 0.46
1991.5 7.5 0.46
1991.5 7.5 0.35
1991.5 8.5 0.35
1991.5 8.5 0.39
1991.5 9.5 0.39
1991.5 9.5 0.31
1991.5 10.5 0.31
1991.5 10.5 0.35
1991.5 11.5 0.35
1991.5 11.5 0.21
1991.5 12.5 0.21

1991.5 0.5 0.53
1991.5 1.5 0.53
1991.5 1.5 0.48
1991.5 2.5 0.48
1991.5 2.5 0.48
1991.5 3.5 0.48
1991.5 3.5 0.1
1991.5 4.5 0.1
1991.5 4.5 0.18
1991.5 5.5 0.18
1991.5 5.5 0.04
1991.5 6.5 0.04
1991.5 6.5 -0.08
1991.5 7.5 -0.08
1991.5 7.5 -0.07
1991.5 8.5 -0.07
1991.5 8.5 -0.19
1991.5 9.5 -0.19
1991.5 9.5 -0.13
1991.5 10.5 -0.13
1991.5 10.5 -0.07
1991.5 11.5 -0.07
1991.5 11.5 0.22
1991.5 12.5 0.22

1992.5 0.5 0.53
1992.5 1.5 0.53
1992.5 1.5 0.48
1992.5 2.5 0.48
1992.5 2.5 0.48
1992.5 3.5 0.48
1992.5 3.5 0.1
1992.5 4.5 0.1
1992.5 4.5 0.18
1992.5 5.5 0.18
1992.5 5.5 0.04
1992.5 6.5 0.04
1992.5 6.5 -0.08
1992.5 7.5 -0.08
1992.5 7.5 -0.07
1992.5 8.5 -0.07
1992.5 8.5 -0.19
1992.5 9.5 -0.19
1992.5 9.5 -0.13
1992.5 10.5 -0.13
1992.5 10.5 -0.07
1992.5 11.5 -0.07
1992.5 11.5 0.22
1992.5 12.5 0.22

1992.5 0.5 0.41
1992.5 1.5 0.41
1992.5 1.5 0.53
1992.5 2.5 0.53
1992.5 2.5 0.4
1992.5 3.5 0.4
1992.5 3.5 0.21
1992.5 4.5 0.21
1992.5 4.5 0.3
1992.5 5.5 0.3
1992.5 5.5 0.22
1992.5 6.5 0.22
1992.5 6.5 0.12
1992.5 7.5 0.12
1992.5 7.5 0.02
1992.5 8.5 0.02
1992.5 8.5 -0.06
1992.5 9.5 -0.06
1992.5 9.5 0.16
1992.5 10.5 0.16
1992.5 10.5 -0.15
1992.5 11.5 -0.15
1992.5 11.5 0.22
1992.5 12.5 0.22

1993.5 0.5 0.41
1993.5 1.5 0.41
1993.5 1.5 0.53
1993.5 2.5 0.53
1993.5 2.5 0.4
1993.5 3.5 0.4
1993.5 3.5 0.21
1993.5 4.5 0.21
1993.5 4.5 0.3
1993.5 5.5 0.3
1993.5 5.5 0.22
1993.5 6.5 0.22
1993.5 6.5 0.12
1993.5 7.5 0.12
1993.5 7.5 0.02
1993.5 8.5 0.02
1993.5 8.5 -0.06
1993.5 9.5 -0.06
1993.5 9.5 0.16
1993.5 10.5 0.16
1993.5 10.5 -0.15
1993.5 11.5 -0.15
1993.5 11.5 0.22
1993.5 12.5 0.22

1993.5 0.5 0.36
1993.5 1.5 0.36
1993.5 1.5 -0.02
1993.5 2.5 -0.02
1993.5 2.5 0.43
1993.5 3.5 0.43
1993.5 3.5 0.47
1993.5 4.5 0.47
1993.5 4.5 0.38
1993.5 5.5 0.38
1993.5 5.5 0.42
1993.5 6.5 0.42
1993.5 6.5 0.34
1993.5 7.5 0.34
1993.5 7.5 0.31
1993.5 8.5 0.31
1993.5 8.5 0.31
1993.5 9.5 0.31
1993.5 9.5 0.53
1993.5 10.5 0.53
1993.5 10.5 0.52
1993.5 11.5 0.52
1993.5 11.5 0.33
1993.5 12.5 0.33

1994.5 0.5 0.36
1994.5 1.5 0.36
1994.5 1.5 -0.02
1994.5 2.5 -0.02
1994.5 2.5 0.43
1994.5 3.5 0.43
1994.5 3.5 0.47
1994.5 4.5 0.47
1994.5 4.5 0.38
1994.5 5.5 0.38
1994.5 5.5 0.42
1994.5 6.5 0.42
1994.5 6.5 0.34
1994.5 7.5 0.34
1994.5 7.5 0.31
1994.5 8.5 0.31
1994.5 8.5 0.31
1994.5 9.5 0.31
1994.5 9.5 0.53
1994.5 10.5 0.53
1994.5 10.5 0.52
1994.5 11.5 0.52
1994.5 11.5 0.33
1994.5 12.5 0.33

1994.5 0.5 0.72
1994.5 1.5 0.72
1994.5 1.5 1.15
1994.5 2.5 1.15
1994.5 2.5 0.56
1994.5 3.5 0.56
1994.5 3.5 0.73
1994.5 4.5 0.73
1994.5 4.5 0.41
1994.5 5.5 0.41
1994.5 5.5 0.48
1994.5 6.5 0.48
1994.5 6.5 0.4
1994.5 7.5 0.4
1994.5 7.5 0.55
1994.5 8.5 0.55
1994.5 8.5 0.42
1994.5 9.5 0.42
1994.5 9.5 0.61
1994.5 10.5 0.61
1994.5 10.5 0.56
1994.5 11.5 0.56
1994.5 11.5 0.31
1994.5 12.5 0.31

1995.5 0.5 0.72
1995.5 1.5 0.72
1995.5 1.5 1.15
1995.5 2.5 1.15
1995.5 2.5 0.56
1995.5 3.5 0.56
1995.5 3.5 0.73
1995.5 4.5 0.73
1995.5 4.5 0.41
1995.5 5.5 0.41
1995.5 5.5 0.48
1995.5 6.5 0.48
1995.5 6.5 0.4
1995.5 7.5 0.4
1995.5 7.5 0.55
1995.5 8.5 0.55
1995.5 8.5 0.42
1995.5 9.5 0.42
1995.5 9.5 0.61
1995.5 10.5 0.61
1995.5 10.5 0.56
1995.5 11.5 0.56
1995.5 11.5 0.31
1995.5 12.5 0.31

1995.5 0.5 0.3
1995.5 1.5 0.3
1995.5 1.5 0.59
1995.5 2.5 0.59
1995.5 2.5 0.3
1995.5 3.5 0.3
1995.5 3.5 0.22
1995.5 4.5 0.22
1995.5 4.5 0.38
1995.5 5.5 0.38
1995.5 5.5 0.25
1995.5 6.5 0.25
1995.5 6.5 0.29
1995.5 7.5 0.29
1995.5 7.5 0.18
1995.5 8.5 0.18
1995.5 8.5 0.06
1995.5 9.5 0.06
1995.5 9.5 0.05
1995.5 10.5 0.05
1995.5 10.5 0.38
1995.5 11.5 0.38
1995.5 11.5 0.39
1995.5 12.5 0.39

1996.5 0.5 0.3
1996.5 1.5 0.3
1996.5 1.5 0.59
1996.5 2.5 0.59
1996.5 2.5 0.3
1996.5 3.5 0.3
1996.5 3.5 0.22
1996.5 4.5 0.22
1996.5 4.5 0.38
1996.5 5.5 0.38
1996.5 5.5 0.25
1996.5 6.5 0.25
1996.5 6.5 0.29
1996.5 7.5 0.29
1996.5 7.5 0.18
1996.5 8.5 0.18
1996.5 8.5 0.06
1996.5 9.5 0.06
1996.5 9.5 0.05
1996.5 10.5 0.05
1996.5 10.5 0.38
1996.5 11.5 0.38
1996.5 11.5 0.39
1996.5 12.5 0.39

1996.5 0.5 0.38
1996.5 1.5 0.38
1996.5 1.5 0.55
1996.5 2.5 0.55
1996.5 2.5 0.78
1996.5 3.5 0.78
1996.5 3.5 0.52
1996.5 4.5 0.52
1996.5 4.5 0.44
1996.5 5.5 0.44
1996.5 5.5 0.5
1996.5 6.5 0.5
1996.5 6.5 0.44
1996.5 7.5 0.44
1996.5 7.5 0.46
1996.5 8.5 0.46
1996.5 8.5 0.55
1996.5 9.5 0.55
1996.5 9.5 0.68
1996.5 10.5 0.68
1996.5 10.5 0.6
1996.5 11.5 0.6
1996.5 11.5 0.54
1996.5 12.5 0.54

1997.5 0.5 0.38
1997.5 1.5 0.38
1997.5 1.5 0.55
1997.5 2.5 0.55
1997.5 2.5 0.78
1997.5 3.5 0.78
1997.5 3.5 0.52
1997.5 4.5 0.52
1997.5 4.5 0.44
1997.5 5.5 0.44
1997.5 5.5 0.5
1997.5 6.5 0.5
1997.5 6.5 0.44
1997.5 7.5 0.44
1997.5 7.5 0.46
1997.5 8.5 0.46
1997.5 8.5 0.55
1997.5 9.5 0.55
1997.5 9.5 0.68
1997.5 10.5 0.68
1997.5 10.5 0.6
1997.5 11.5 0.6
1997.5 11.5 0.54
1997.5 12.5 0.54

1997.5 0.5 0.66
1997.5 1.5 0.66
1997.5 1.5 1.06
1997.5 2.5 1.06
1997.5 2.5 0.73
1997.5 3.5 0.73
1997.5 3.5 0.89
1997.5 4.5 0.89
1997.5 4.5 0.67
1997.5 5.5 0.67
1997.5 5.5 0.74
1997.5 6.5 0.74
1997.5 6.5 0.79
1997.5 7.5 0.79
1997.5 7.5 0.74
1997.5 8.5 0.74
1997.5 8.5 0.62
1997.5 9.5 0.62
1997.5 9.5 0.58
1997.5 10.5 0.58
1997.5 10.5 0.6
1997.5 11.5 0.6
1997.5 11.5 0.76
1997.5 12.5 0.76

1998.5 0.5 0.66
1998.5 1.5 0.66
1998.5 1.5 1.06
1998.5 2.5 1.06
1998.5 2.5 0.73
1998.5 3.5 0.73
1998.5 3.5 0.89
1998.5 4.5 0.89
1998.5 4.5 0.67
1998.5 5.5 0.67
1998.5 5.5 0.74
1998.5 6.5 0.74
1998.5 6.5 0.79
1998.5 7.5 0.79
1998.5 7.5 0.74
1998.5 8.5 0.74
1998.5 8.5 0.62
1998.5 9.5 0.62
1998.5 9.5 0.58
1998.5 10.5 0.58
1998.5 10.5 0.6
1998.5 11.5 0.6
1998.5 11.5 0.76
1998.5 12.5 0.76

1998.5 0.5 0.6
1998.5 1.5 0.6
1998.5 1.5 1.01
1998.5 2.5 1.01
1998.5 2.5 0.32
1998.5 3.5 0.32
1998.5 3.5 0.55
1998.5 4.5 0.55
1998.5 4.5 0.43
1998.5 5.5 0.43
1998.5 5.5 0.39
1998.5 6.5 0.39
1998.5 6.5 0.37
1998.5 7.5 0.37
1998.5 7.5 0.36
1998.5 8.5 0.36
1998.5 8.5 0.41
1998.5 9.5 0.41
1998.5 9.5 0.44
1998.5 10.5 0.44
1998.5 10.5 0.56
1998.5 11.5 0.56
1998.5 11.5 0.72
1998.5 12.5 0.72

1999.5 0.5 0.6
1999.5 1.5 0.6
1999.5 1.5 1.01
1999.5 2.5 1.01
1999.5 2.5 0.32
1999.5 3.5 0.32
1999.5 3.5 0.55
1999.5 4.5 0.55
1999.5 4.5 0.43
1999.5 5.5 0.43
1999.5 5.5 0.39
1999.5 6.5 0.39
1999.5 6.5 0.37
1999.5 7.5 0.37
1999.5 7.5 0.36
1999.5 8.5 0.36
1999.5 8.5 0.41
1999.5 9.5 0.41
1999.5 9.5 0.44
1999.5 10.5 0.44
1999.5 10.5 0.56
1999.5 11.5 0.56
1999.5 11.5 0.72
1999.5 12.5 0.72

1999.5 0.5 0.35
1999.5 1.5 0.35
1999.5 1.5 0.88
1999.5 2.5 0.88
1999.5 2.5 0.87
1999.5 3.5 0.87
1999.5 3.5 0.88
1999.5 4.5 0.88
1999.5 4.5 0.57
1999.5 5.5 0.57
1999.5 5.5 0.48
1999.5 6.5 0.48
1999.5 6.5 0.43
1999.5 7.5 0.43
1999.5 7.5 0.5
1999.5 8.5 0.5
1999.5 8.5 0.39
1999.5 9.5 0.39
1999.5 9.5 0.31
1999.5 10.5 0.31
1999.5 10.5 0.2
1999.5 11.5 0.2
1999.5 11.5 0.3
1999.5 12.5 0.3

2000.5 0.5 0.35
2000.5 1.5 0.35
2000.5 1.5 0.88
2000.5 2.5 0.88
2000.5 2.5 0.87
2000.5 3.5 0.87
2000.5 3.5 0.88
2000.5 4.5 0.88
2000.5 4.5 0.57
2000.5 5.5 0.57
2000.5 5.5 0.48
2000.5 6.5 0.48
2000.5 6.5 0.43
2000.5 7.5 0.43
2000.5 7.5 0.5
2000.5 8.5 0.5
2000.5 8.5 0.39
2000.5 9.5 0.39
2000.5 9.5 0.31
2000.5 10.5 0.31
2000.5 10.5 0.2
2000.5 11.5 0.2
2000.5 11.5 0.3
2000.5 12.5 0.3

2000.5 0.5 0.55
2000.5 1.5 0.55
2000.5 1.5 0.48
2000.5 2.5 0.48
2000.5 2.5 0.78
2000.5 3.5 0.78
2000.5 3.5 0.59
2000.5 4.5 0.59
2000.5 4.5 0.63
2000.5 5.5 0.63
2000.5 5.5 0.56
2000.5 6.5 0.56
2000.5 6.5 0.64
2000.5 7.5 0.64
2000.5 7.5 0.68
2000.5 8.5 0.68
2000.5 8.5 0.56
2000.5 9.5 0.56
2000.5 9.5 0.62
2000.5 10.5 0.62
2000.5 10.5 0.95
2000.5 11.5 0.95
2000.5 11.5 0.67
2000.5 12.5 0.67

2001.5 0.5 0.55
2001.5 1.5 0.55
2001.5 1.5 0.48
2001.5 2.5 0.48
2001.5 2.5 0.78
2001.5 3.5 0.78
2001.5 3.5 0.59
2001.5 4.5 0.59
2001.5 4.5 0.63
2001.5 5.5 0.63
2001.5 5.5 0.56
2001.5 6.5 0.56
2001.5 6.5 0.64
2001.5 7.5 0.64
2001.5 7.5 0.68
2001.5 8.5 0.68
2001.5 8.5 0.56
2001.5 9.5 0.56
2001.5 9.5 0.62
2001.5 10.5 0.62
2001.5 10.5 0.95
2001.5 11.5 0.95
2001.5 11.5 0.67
2001.5 12.5 0.67

2001.5 0.5 1
2001.5 1.5 1
2001.5 1.5 1.07
2001.5 2.5 1.07
2001.5 2.5 1.13
2001.5 3.5 1.13
2001.5 3.5 0.5
2001.5 4.5 0.5
2001.5 4.5 0.51
2001.5 5.5 0.51
2001.5 5.5 0.71
2001.5 6.5 0.71
2001.5 6.5 0.69
2001.5 7.5 0.69
2001.5 7.5 0.53
2001.5 8.5 0.53
2001.5 8.5 0.6
2001.5 9.5 0.6
2001.5 9.5 0.57
2001.5 10.5 0.57
2001.5 10.5 0.77
2001.5 11.5 0.77
2001.5 11.5 0.48
2001.5 12.5 0.48

2002.5 0.5 1
2002.5 1.5 1
2002.5 1.5 1.07
2002.5 2.5 1.07
2002.5 2.5 1.13
2002.5 3.5 1.13
2002.5 3.5 0.5
2002.5 4.5 0.5
2002.5 4.5 0.51
2002.5 5.5 0.51
2002.5 5.5 0.71
2002.5 6.5 0.71
2002.5 6.5 0.69
2002.5 7.5 0.69
2002.5 7.5 0.53
2002.5 8.5 0.53
2002.5 8.5 0.6
2002.5 9.5 0.6
2002.5 9.5 0.57
2002.5 10.5 0.57
2002.5 10.5 0.77
2002.5 11.5 0.77
2002.5 11.5 0.48
2002.5 12.5 0.48

2002.5 0.5 0.91
2002.5 1.5 0.91
2002.5 1.5 0.51
2002.5 2.5 0.51
2002.5 2.5 0.6
2002.5 3.5 0.6
2002.5 3.5 0.59
2002.5 4.5 0.59
2002.5 4.5 0.71
2002.5 5.5 0.71
2002.5 5.5 0.54
2002.5 6.5 0.54
2002.5 6.5 0.66
2002.5 7.5 0.66
2002.5 7.5 0.82
2002.5 8.5 0.82
2002.5 8.5 0.78
2002.5 9.5 0.78
2002.5 9.5 0.97
2002.5 10.5 0.97
2002.5 10.5 0.67
2002.5 11.5 0.67
2002.5 11.5 0.98
2002.5 12.5 0.98

2003.5 0.5 0.91
2003.5 1.5 0.91
2003.5 1.5 0.51
2003.5 2.5 0.51
2003.5 2.5 0.6
2003.5 3.5 0.6
2003.5 3.5 0.59
2003.5 4.5 0.59
2003.5 4.5 0.71
2003.5 5.5 0.71
2003.5 5.5 0.54
2003.5 6.5 0.54
2003.5 6.5 0.66
2003.5 7.5 0.66
2003.5 7.5 0.82
2003.5 8.5 0.82
2003.5 8.5 0.78
2003.5 9.5 0.78
2003.5 9.5 0.97
2003.5 10.5 0.97
2003.5 10.5 0.67
2003.5 11.5 0.67
2003.5 11.5 0.98
2003.5 12.5 0.98

2003.5 0.5 0.69
2003.5 1.5 0.69
2003.5 1.5 0.91
2003.5 2.5 0.91
2003.5 2.5 0.87
2003.5 3.5 0.87
2003.5 3.5 0.74
2003.5 4.5 0.74
2003.5 4.5 0.56
2003.5 5.5 0.56
2003.5 5.5 0.49
2003.5 6.5 0.49
2003.5 6.5 0.49
2003.5 7.5 0.49
2003.5 7.5 0.54
2003.5 8.5 0.54
2003.5 8.5 0.6
2003.5 9.5 0.6
2003.5 9.5 0.75
2003.5 10.5 0.75
2003.5 10.5 0.95
2003.5 11.5 0.95
2003.5 11.5 0.47
2003.5 12.5 0.47

2004.5 0.5 0.69
2004.5 1.5 0.69
2004.5 1.5 0.91
2004.5 2.5 0.91
2004.5 2.5 0.87
2004.5 3.5 0.87
2004.5 3.5 0.74
2004.5 4.5 0.74
2004.5 4.5 0.56
2004.5 5.5 0.56
2004.5 5.5 0.49
2004.5 6.5 0.49
2004.5 6.5 0.49
2004.5 7.5 0.49
2004.5 7.5 0.54
2004.5 8.5 0.54
2004.5 8.5 0.6
2004.5 9.5 0.6
2004.5 9.5 0.75
2004.5 10.5 0.75
2004.5 10.5 0.95
2004.5 11.5 0.95
2004.5 11.5 0.47
2004.5 12.5 0.47

2004.5 0.5 0.89
2004.5 1.5 0.89
2004.5 1.5 0.68
2004.5 2.5 0.68
2004.5 2.5 0.83
2004.5 3.5 0.83
2004.5 3.5 0.92
2004.5 4.5 0.92
2004.5 4.5 0.78
2004.5 5.5 0.78
2004.5 5.5 0.81
2004.5 6.5 0.81
2004.5 6.5 0.77
2004.5 7.5 0.77
2004.5 7.5 0.7
2004.5 8.5 0.7
2004.5 8.5 0.91
2004.5 9.5 0.91
2004.5 9.5 0.94
2004.5 10.5 0.94
2004.5 10.5 1.02
2004.5 11.5 1.02
2004.5 11.5 0.79
2004.5 12.5 0.79

2005.5 0.5 0.89
2005.5 1.5 0.89
2005.5 1.5 0.68
2005.5 2.5 0.68
2005.5 2.5 0.83
2005.5 3.5 0.83
2005.5 3.5 0.92
2005.5 4.5 0.92
2005.5 4.5 0.78
2005.5 5.5 0.78
2005.5 5.5 0.81
2005.5 6.5 0.81
2005.5 6.5 0.77
2005.5 7.5 0.77
2005.5 7.5 0.7
2005.5 8.5 0.7
2005.5 8.5 0.91
2005.5 9.5 0.91
2005.5 9.5 0.94
2005.5 10.5 0.94
2005.5 10.5 1.02
2005.5 11.5 1.02
2005.5 11.5 0.79
2005.5 12.5 0.79

2005.5 0.5 0.64
2005.5 1.5 0.64
2005.5 1.5 0.89
2005.5 2.5 0.89
2005.5 2.5 0.79
2005.5 3.5 0.79
2005.5 3.5 0.61
2005.5 4.5 0.61
2005.5 4.5 0.73
2005.5 5.5 0.73
2005.5 5.5 0.78
2005.5 6.5 0.78
2005.5 6.5 0.66
2005.5 7.5 0.66
2005.5 7.5 0.65
2005.5 8.5 0.65
2005.5 8.5 0.75
2005.5 9.5 0.75
2005.5 9.5 0.97
2005.5 10.5 0.97
2005.5 10.5 0.93
2005.5 11.5 0.93
2005.5 11.5 1.11
2005.5 12.5 1.11

2006.5 0.5 0.64
2006.5 1.5 0.64
2006.5 1.5 0.89
2006.5 2.5 0.89
2006.5 2.5 0.79
2006.5 3.5 0.79
2006.5 3.5 0.61
2006.5 4.5 0.61
2006.5 4.5 0.73
2006.5 5.5 0.73
2006.5 5.5 0.78
2006.5 6.5 0.78
2006.5 6.5 0.66
2006.5 7.5 0.66
2006.5 7.5 0.65
2006.5 8.5 0.65
2006.5 8.5 0.75
2006.5 9.5 0.75
2006.5 9.5 0.97
2006.5 10.5 0.97
2006.5 10.5 0.93
2006.5 11.5 0.93
2006.5 11.5 1.11
2006.5 12.5 1.11

2006.5 0.5 1.32
2006.5 1.5 1.32
2006.5 1.5 0.93
2006.5 2.5 0.93
2006.5 2.5 0.93
2006.5 3.5 0.93
2006.5 3.5 1.07
2006.5 4.5 1.07
2006.5 4.5 0.71
2006.5 5.5 0.71
2006.5 5.5 0.65
2006.5 6.5 0.65
2006.5 6.5 0.63
2006.5 7.5 0.63
2006.5 7.5 0.7
2006.5 8.5 0.7
2006.5 8.5 0.67
2006.5 9.5 0.67
2006.5 9.5 0.83
2006.5 10.5 0.83
2006.5 10.5 0.78
2006.5 11.5 0.78
2006.5 11.5 0.73
2006.5 12.5 0.73

2007.5 0.5 1.32
2007.5 1.5 1.32
2007.5 1.5 0.93
2007.5 2.5 0.93
2007.5 2.5 0.93
2007.5 3.5 0.93
2007.5 3.5 1.07
2007.5 4.5 1.07
2007.5 4.5 0.71
2007.5 5.5 0.71
2007.5 5.5 0.65
2007.5 6.5 0.65
2007.5 6.5 0.63
2007.5 7.5 0.63
2007.5 7.5 0.7
2007.5 8.5 0.7
2007.5 8.5 0.67
2007.5 9.5 0.67
2007.5 9.5 0.83
2007.5 10.5 0.83
2007.5 10.5 0.78
2007.5 11.5 0.78
2007.5 11.5 0.73
2007.5 12.5 0.73

2007.5 0.5 0.22
2007.5 1.5 0.22
2007.5 1.5 0.51
2007.5 2.5 0.51
2007.5 2.5 1.1
2007.5 3.5 1.1
2007.5 3.5 0.65
2007.5 4.5 0.65
2007.5 4.5 0.6
2007.5 5.5 0.6
2007.5 5.5 0.63
2007.5 6.5 0.63
2007.5 6.5 0.58
2007.5 7.5 0.58
2007.5 7.5 0.6
2007.5 8.5 0.6
2007.5 8.5 0.58
2007.5 9.5 0.58
2007.5 9.5 0.85
2007.5 10.5 0.85
2007.5 10.5 0.9
2007.5 11.5 0.9
2007.5 11.5 0.66
2007.5 12.5 0.66

2008.5 0.5 0.22
2008.5 1.5 0.22
2008.5 1.5 0.51
2008.5 2.5 0.51
2008.5 2.5 1.1
2008.5 3.5 1.1
2008.5 3.5 0.65
2008.5 4.5 0.65
2008.5 4.5 0.6
2008.5 5.5 0.6
2008.5 5.5 0.63
2008.5 6.5 0.63
2008.5 6.5 0.58
2008.5 7.5 0.58
2008.5 7.5 0.6
2008.5 8.5 0.6
2008.5 8.5 0.58
2008.5 9.5 0.58
2008.5 9.5 0.85
2008.5 10.5 0.85
2008.5 10.5 0.9
2008.5 11.5 0.9
2008.5 11.5 0.66
2008.5 12.5 0.66

2008.5 0.5 0.79
2008.5 1.5 0.79
2008.5 1.5 0.7
2008.5 2.5 0.7
2008.5 2.5 0.58
2008.5 3.5 0.58
2008.5 3.5 0.67
2008.5 4.5 0.67
2008.5 4.5 0.65
2008.5 5.5 0.65
2008.5 5.5 0.69
2008.5 6.5 0.69
2008.5 6.5 0.63
2008.5 7.5 0.63
2008.5 7.5 0.7
2008.5 8.5 0.7
2008.5 8.5 0.78
2008.5 9.5 0.78
2008.5 9.5 0.74
2008.5 10.5 0.74
2008.5 10.5 0.8
2008.5 11.5 0.8
2008.5 11.5 0.68
2008.5 12.5 0.68

2009.5 0.5 0.79
2009.5 1.5 0.79
2009.5 1.5 0.7
2009.5 2.5 0.7
2009.5 2.5 0.58
2009.5 3.5 0.58
2009.5 3.5 0.67
2009.5 4.5 0.67
2009.5 4.5 0.65
2009.5 5.5 0.65
2009.5 5.5 0.69
2009.5 6.5 0.69
2009.5 6.5 0.63
2009.5 7.5 0.63
2009.5 7.5 0.7
2009.5 8.5 0.7
2009.5 8.5 0.78
2009.5 9.5 0.78
2009.5 9.5 0.74
2009.5 10.5 0.74
2009.5 10.5 0.8
2009.5 11.5 0.8
2009.5 11.5 0.68
2009.5 12.5 0.68

2009.5 0.5 0.77
2009.5 1.5 0.77
2009.5 1.5 0.87
2009.5 2.5 0.87
2009.5 2.5 1.11
2009.5 3.5 1.11
2009.5 3.5 1.15
2009.5 4.5 1.15
2009.5 4.5 0.93
2009.5 5.5 0.93
2009.5 5.5 0.81
2009.5 6.5 0.81
2009.5 6.5 0.85
2009.5 7.5 0.85
2009.5 7.5 0.82
2009.5 8.5 0.82
2009.5 8.5 0.65
2009.5 9.5 0.65
2009.5 9.5 0.88
2009.5 10.5 0.88
2009.5 10.5 1.16
2009.5 11.5 1.16
2009.5 11.5 0.57
2009.5 12.5 0.57

2010.5 0.5 0.77
2010.5 1.5 0.77
2010.5 1.5 0.87
2010.5 2.5 0.87
2010.5 2.5 1.11
2010.5 3.5 1.11
2010.5 3.5 1.15
2010.5 4.5 1.15
2010.5 4.5 0.93
2010.5 5.5 0.93
2010.5 5.5 0.81
2010.5 6.5 0.81
2010.5 6.5 0.85
2010.5 7.5 0.85
2010.5 7.5 0.82
2010.5 8.5 0.82
2010.5 8.5 0.65
2010.5 9.5 0.65
2010.5 9.5 0.88
2010.5 10.5 0.88
2010.5 10.5 1.16
2010.5 11.5 1.16
2010.5 11.5 0.57
2010.5 12.5 0.57

2010.5 0.5 0.56
2010.5 1.5 0.56
2010.5 1.5 0.62
2010.5 2.5 0.62
2010.5 2.5 0.87
2010.5 3.5 0.87
2010.5 3.5 0.81
2010.5 4.5 0.81
2010.5 4.5 0.63
2010.5 5.5 0.63
2010.5 5.5 0.73
2010.5 6.5 0.73
2010.5 6.5 0.7
2010.5 7.5 0.7
2010.5 7.5 0.67
2010.5 8.5 0.67
2010.5 8.5 0.68
2010.5 9.5 0.68
2010.5 9.5 0.87
2010.5 10.5 0.87
2010.5 10.5 0.61
2010.5 11.5 0.61
2010.5 11.5 0.76
2010.5 12.5 0.76

2011.5 0.5 0.56
2011.5 1.5 0.56
2011.5 1.5 0.62
2011.5 2.5 0.62
2011.5 2.5 0.87
2011.5 3.5 0.87
2011.5 3.5 0.81
2011.5 4.5 0.81
2011.5 4.5 0.63
2011.5 5.5 0.63
2011.5 5.5 0.73
2011.5 6.5 0.73
2011.5 6.5 0.7
2011.5 7.5 0.7
2011.5 7.5 0.67
2011.5 8.5 0.67
2011.5 8.5 0.68
2011.5 9.5 0.68
2011.5 9.5 0.87
2011.5 10.5 0.87
2011.5 10.5 0.61
2011.5 11.5 0.61
2011.5 11.5 0.76
2011.5 12.5 0.76

2011.5 0.5 0.61
2011.5 1.5 0.61
2011.5 1.5 0.56
2011.5 2.5 0.56
2011.5 2.5 0.71
2011.5 3.5 0.71
2011.5 3.5 1.02
2011.5 4.5 1.02
2011.5 4.5 0.91
2011.5 5.5 0.91
2011.5 5.5 0.87
2011.5 6.5 0.87
2011.5 6.5 0.8
2011.5 7.5 0.8
2011.5 7.5 0.7
2011.5 8.5 0.7
2011.5 8.5 0.86
2011.5 9.5 0.86
2011.5 9.5 0.85
2011.5 10.5 0.85
2011.5 10.5 0.9
2011.5 11.5 0.9
2011.5 11.5 0.46
2011.5 12.5 0.46

2012.5 0.5 0.61
2012.5 1.5 0.61
2012.5 1.5 0.56
2012.5 2.5 0.56
2012.5 2.5 0.71
2012.5 3.5 0.71
2012.5 3.5 1.02
2012.5 4.5 1.02
2012.5 4.5 0.91
2012.5 5.5 0.91
2012.5 5.5 0.87
2012.5 6.5 0.87
2012.5 6.5 0.8
2012.5 7.5 0.8
2012.5 7.5 0.7
2012.5 8.5 0.7
2012.5 8.5 0.86
2012.5 9.5 0.86
2012.5 9.5 0.85
2012.5 10.5 0.85
2012.5 10.5 0.9
2012.5 11.5 0.9
2012.5 11.5 0.46
2012.5 12.5 0.46

2012.5 0.5 0.79
2012.5 1.5 0.79
2012.5 1.5 0.65
2012.5 2.5 0.65
2012.5 2.5 0.8
2012.5 3.5 0.8
2012.5 3.5 0.66
2012.5 4.5 0.66
2012.5 4.5 0.76
2012.5 5.5 0.76
2012.5 5.5 0.73
2012.5 6.5 0.73
2012.5 6.5 0.68
2012.5 7.5 0.68
2012.5 7.5 0.67
2012.5 8.5 0.67
2012.5 8.5 0.69
2012.5 9.5 0.69
2012.5 9.5 0.81
2012.5 10.5 0.81
2012.5 10.5 1.04
2012.5 11.5 1.04
2012.5 11.5 0.78
2012.5 12.5 0.78

2013.5 0.5 0.79
2013.5 1.5 0.79
2013.5 1.5 0.65
2013.5 2.5 0.65
2013.5 2.5 0.8
2013.5 3.5 0.8
2013.5 3.5 0.66
2013.5 4.5 0.66
2013.5 4.5 0.76
2013.5 5.5 0.76
2013.5 5.5 0.73
2013.5 6.5 0.73
2013.5 6.5 0.68
2013.5 7.5 0.68
2013.5 7.5 0.67
2013.5 8.5 0.67
2013.5 8.5 0.69
2013.5 9.5 0.69
2013.5 9.5 0.81
2013.5 10.5 0.81
2013.5 10.5 1.04
2013.5 11.5 1.04
2013.5 11.5 0.78
2013.5 12.5 0.78

2013.5 0.5 0.94
2013.5 1.5 0.94
2013.5 1.5 0.68
2013.5 2.5 0.68
2013.5 2.5 1.17
2013.5 3.5 1.17
2013.5 3.5 1.04
2013.5 4.5 1.04
2013.5 4.5 0.9
2013.5 5.5 0.9
2013.5 5.5 0.82
2013.5 6.5 0.82
2013.5 6.5 0.73
2013.5 7.5 0.73
2013.5 7.5 0.89
2013.5 8.5 0.89
2013.5 8.5 0.85
2013.5 9.5 0.85
2013.5 9.5 0.96
2013.5 10.5 0.96
2013.5 10.5 0.82
2013.5 11.5 0.82
2013.5 11.5 1.09
2013.5 12.5 1.09

2014.5 0.5 0.94
2014.5 1.5 0.94
2014.5 1.5 0.68
2014.5 2.5 0.68
2014.5 2.5 1.17
2014.5 3.5 1.17
2014.5 3.5 1.04
2014.5 4.5 1.04
2014.5 4.5 0.9
2014.5 5.5 0.9
2014.5 5.5 0.82
2014.5 6.5 0.82
2014.5 6.5 0.73
2014.5 7.5 0.73
2014.5 7.5 0.89
2014.5 8.5 0.89
2014.5 8.5 0.85
2014.5 9.5 0.85
2014.5 9.5 0.96
2014.5 10.5 0.96
2014.5 10.5 0.82
2014.5 11.5 0.82
2014.5 11.5 1.09
2014.5 12.5 1.09

2014.5 0.5 1.13
2014.5 1.5 1.13
2014.5 1.5 1.14
2014.5 2.5 1.14
2014.5 2.5 1.22
2014.5 3.5 1.22
2014.5 3.5 1.01
2014.5 4.5 1.01
2014.5 4.5 0.97
2014.5 5.5 0.97
2014.5 5.5 1.03
2014.5 6.5 1.03
2014.5 6.5 0.87
2014.5 7.5 0.87
2014.5 7.5 0.98
2014.5 8.5 0.98
2014.5 8.5 1.11
2014.5 9.5 1.11
2014.5 9.5 1.23
2014.5 10.5 1.23
2014.5 10.5 1.37
2014.5 11.5 1.37
2014.5 11.5 1.44
2014.5 12.5 1.44

2015.5 0.5 1.13
2015.5 1.5 1.13
2015.5 1.5 1.14
2015.5 2.5 1.14
2015.5 2.5 1.22
2015.5 3.5 1.22
2015.5 3.5 1.01
2015.5 4.5 1.01
2015.5 4.5 0.97
2015.5 5.5 0.97
2015.5 5.5 1.03
2015.5 6.5 1.03
2015.5 6.5 0.87
2015.5 7.5 0.87
2015.5 7.5 0.98
2015.5 8.5 0.98
2015.5 8.5 1.11
2015.5 9.5 1.11
2015.5 9.5 1.23
2015.5 10.5 1.23
2015.5 10.5 1.37
2015.5 11.5 1.37
2015.5 11.5 1.44
2015.5 12.5 1.44

2015.5 0.5 1.54
2015.5 1.5 1.54
2015.5 1.5 1.92
2015.5 2.5 1.92
2015.5 2.5 1.82
2015.5 3.5 1.82
2015.5 3.5 1.46
2015.5 4.5 1.46
2015.5 4.5 1.03
2015.5 5.5 1.03
2015.5 5.5 1.08
2015.5 6.5 1.08
2015.5 6.5 1.01
2015.5 7.5 1.01
2015.5 7.5 1.05
2015.5 8.5 1.05
2015.5 8.5 1.16
2015.5 9.5 1.16
2015.5 9.5 1.04
2015.5 10.5 1.04
2015.5 10.5 1.11
2015.5 11.5 1.11
2015.5 11.5 1
2015.5 12.5 1

2016.5 0.5 1.54
2016.5 1.5 1.54
2016.5 1.5 1.92
2016.5 2.5 1.92
2016.5 2.5 1.82
2016.5 3.5 1.82
2016.5 3.5 1.46
2016.5 4.5 1.46
2016.5 4.5 1.03
2016.5 5.5 1.03
2016.5 5.5 1.08
2016.5 6.5 1.08
2016.5 6.5 1.01
2016.5 7.5 1.01
2016.5 7.5 1.05
2016.5 8.5 1.05
2016.5 8.5 1.16
2016.5 9.5 1.16
2016.5 9.5 1.04
2016.5 10.5 1.04
2016.5 10.5 1.11
2016.5 11.5 1.11
2016.5 11.5 1
2016.5 12.5 1

