10 0.5 21
10 1.5 21
10 1.5 16
10 2.5 16
10 2.5 15
10 3.5 15
10 3.5 33
10 4.5 33
10 4.5 10
10 5.5 10
10 5.5 21
10 6.5 21
10 6.5 27
10 7.5 27
10 7.5 18
10 8.5 18
10 8.5 32
10 9.5 32
10 9.5 29
10 10.5 29
10 10.5 38
10 11.5 38
10 11.5 21
10 12.5 21
10 12.5 47
10 13.5 47
10 13.5 26
10 14.5 26
10 14.5 28
10 15.5 28

30 0.5 21
30 1.5 21
30 1.5 16
30 2.5 16
30 2.5 15
30 3.5 15
30 3.5 33
30 4.5 33
30 4.5 10
30 5.5 10
30 5.5 21
30 6.5 21
30 6.5 27
30 7.5 27
30 7.5 18
30 8.5 18
30 8.5 32
30 9.5 32
30 9.5 29
30 10.5 29
30 10.5 38
30 11.5 38
30 11.5 21
30 12.5 21
30 12.5 47
30 13.5 47
30 13.5 26
30 14.5 26
30 14.5 28
30 15.5 28

30 0.5 5
30 1.5 5
30 1.5 5
30 2.5 5
30 2.5 13
30 3.5 13
30 3.5 0
30 4.5 0
30 4.5 8
30 5.5 8
30 5.5 1
30 6.5 1
30 6.5 18
30 7.5 18
30 7.5 0
30 8.5 0
30 8.5 0
30 9.5 0
30 9.5 13
30 10.5 13
30 10.5 0
30 11.5 0
30 11.5 0
30 12.5 0
30 12.5 0
30 13.5 0
30 13.5 9
30 14.5 9
30 14.5 1
30 15.5 1

50 0.5 5
50 1.5 5
50 1.5 5
50 2.5 5
50 2.5 13
50 3.5 13
50 3.5 0
50 4.5 0
50 4.5 8
50 5.5 8
50 5.5 1
50 6.5 1
50 6.5 18
50 7.5 18
50 7.5 0
50 8.5 0
50 8.5 0
50 9.5 0
50 9.5 13
50 10.5 13
50 10.5 0
50 11.5 0
50 11.5 0
50 12.5 0
50 12.5 0
50 13.5 0
50 13.5 9
50 14.5 9
50 14.5 1
50 15.5 1

50 0.5 0
50 1.5 0
50 1.5 2
50 2.5 2
50 2.5 17
50 3.5 17
50 3.5 0
50 4.5 0
50 4.5 0
50 5.5 0
50 5.5 0
50 6.5 0
50 6.5 5
50 7.5 5
50 7.5 0
50 8.5 0
50 8.5 0
50 9.5 0
50 9.5 9
50 10.5 9
50 10.5 0
50 11.5 0
50 11.5 5
50 12.5 5
50 12.5 0
50 13.5 0
50 13.5 0
50 14.5 0
50 14.5 2
50 15.5 2

70 0.5 0
70 1.5 0
70 1.5 2
70 2.5 2
70 2.5 17
70 3.5 17
70 3.5 0
70 4.5 0
70 4.5 0
70 5.5 0
70 5.5 0
70 6.5 0
70 6.5 5
70 7.5 5
70 7.5 0
70 8.5 0
70 8.5 0
70 9.5 0
70 9.5 9
70 10.5 9
70 10.5 0
70 11.5 0
70 11.5 5
70 12.5 5
70 12.5 0
70 13.5 0
70 13.5 0
70 14.5 0
70 14.5 2
70 15.5 2

70 0.5 17
70 1.5 17
70 1.5 3
70 2.5 3
70 2.5 10
70 3.5 10
70 3.5 0
70 4.5 0
70 4.5 0
70 5.5 0
70 5.5 18
70 6.5 18
70 6.5 6
70 7.5 6
70 7.5 0
70 8.5 0
70 8.5 0
70 9.5 0
70 9.5 3
70 10.5 3
70 10.5 0
70 11.5 0
70 11.5 13
70 12.5 13
70 12.5 1
70 13.5 1
70 13.5 9
70 14.5 9
70 14.5 4
70 15.5 4

90 0.5 17
90 1.5 17
90 1.5 3
90 2.5 3
90 2.5 10
90 3.5 10
90 3.5 0
90 4.5 0
90 4.5 0
90 5.5 0
90 5.5 18
90 6.5 18
90 6.5 6
90 7.5 6
90 7.5 0
90 8.5 0
90 8.5 0
90 9.5 0
90 9.5 3
90 10.5 3
90 10.5 0
90 11.5 0
90 11.5 13
90 12.5 13
90 12.5 1
90 13.5 1
90 13.5 9
90 14.5 9
90 14.5 4
90 15.5 4

90 0.5 15
90 1.5 15
90 1.5 34
90 2.5 34
90 2.5 4
90 3.5 4
90 3.5 21
90 4.5 21
90 4.5 31
90 5.5 31
90 5.5 13
90 6.5 13
90 6.5 4
90 7.5 4
90 7.5 41
90 8.5 41
90 8.5 15
90 9.5 15
90 9.5 6
90 10.5 6
90 10.5 22
90 11.5 22
90 11.5 21
90 12.5 21
90 12.5 12
90 13.5 12
90 13.5 15
90 14.5 15
90 14.5 21
90 15.5 21

110 0.5 15
110 1.5 15
110 1.5 34
110 2.5 34
110 2.5 4
110 3.5 4
110 3.5 21
110 4.5 21
110 4.5 31
110 5.5 31
110 5.5 13
110 6.5 13
110 6.5 4
110 7.5 4
110 7.5 41
110 8.5 41
110 8.5 15
110 9.5 15
110 9.5 6
110 10.5 6
110 10.5 22
110 11.5 22
110 11.5 21
110 12.5 21
110 12.5 12
110 13.5 12
110 13.5 15
110 14.5 15
110 14.5 21
110 15.5 21

110 0.5 0
110 1.5 0
110 1.5 0
110 2.5 0
110 2.5 0
110 3.5 0
110 3.5 5
110 4.5 5
110 4.5 10
110 5.5 10
110 5.5 7
110 6.5 7
110 6.5 0
110 7.5 0
110 7.5 0
110 8.5 0
110 8.5 13
110 9.5 13
110 9.5 0
110 10.5 0
110 10.5 0
110 11.5 0
110 11.5 0
110 12.5 0
110 12.5 0
110 13.5 0
110 13.5 0
110 14.5 0
110 14.5 4
110 15.5 4

130 0.5 0
130 1.5 0
130 1.5 0
130 2.5 0
130 2.5 0
130 3.5 0
130 3.5 5
130 4.5 5
130 4.5 10
130 5.5 10
130 5.5 7
130 6.5 7
130 6.5 0
130 7.5 0
130 7.5 0
130 8.5 0
130 8.5 13
130 9.5 13
130 9.5 0
130 10.5 0
130 10.5 0
130 11.5 0
130 11.5 0
130 12.5 0
130 12.5 0
130 13.5 0
130 13.5 0
130 14.5 0
130 14.5 4
130 15.5 4

