1987 1 0.28
1987 2 0.55
1987 3 0.01
1987 4 0.08
1987 5 0.22
1987 6 0.19
1987 7 0.28
1987 8 0.28
1987 9 0.43
1987 10 0.23
1987 11 0.09
1987 12 0.53

1988 1 0.59
1988 2 0.42
1988 3 0.48
1988 4 0.45
1988 5 0.42
1988 6 0.39
1988 7 0.4
1988 8 0.26
1988 9 0.28
1988 10 0.25
1988 11 0.05
1988 12 0.48

1989 1 0.1
1989 2 0.47
1989 3 0.43
1989 4 0.35
1989 5 0.22
1989 6 0.26
1989 7 0.31
1989 8 0.28
1989 9 0.28
1989 10 0.27
1989 11 0.12
1989 12 0.37

1990 1 0.44
1990 2 0.5
1990 3 1.15
1990 4 0.66
1990 5 0.48
1990 6 0.49
1990 7 0.31
1990 8 0.36
1990 9 0.41
1990 10 0.46
1990 11 0.49
1990 12 0.38

1991 1 0.54
1991 2 0.52
1991 3 0.45
1991 4 0.54
1991 5 0.37
1991 6 0.44
1991 7 0.46
1991 8 0.35
1991 9 0.39
1991 10 0.31
1991 11 0.35
1991 12 0.21

1992 1 0.53
1992 2 0.48
1992 3 0.48
1992 4 0.1
1992 5 0.18
1992 6 0.04
1992 7 -0.08
1992 8 -0.07
1992 9 -0.19
1992 10 -0.13
1992 11 -0.07
1992 12 0.22

1993 1 0.41
1993 2 0.53
1993 3 0.4
1993 4 0.21
1993 5 0.3
1993 6 0.22
1993 7 0.12
1993 8 0.02
1993 9 -0.06
1993 10 0.16
1993 11 -0.15
1993 12 0.22

1994 1 0.36
1994 2 -0.02
1994 3 0.43
1994 4 0.47
1994 5 0.38
1994 6 0.42
1994 7 0.34
1994 8 0.31
1994 9 0.31
1994 10 0.53
1994 11 0.52
1994 12 0.33

1995 1 0.72
1995 2 1.15
1995 3 0.56
1995 4 0.73
1995 5 0.41
1995 6 0.48
1995 7 0.4
1995 8 0.55
1995 9 0.42
1995 10 0.61
1995 11 0.56
1995 12 0.31

1996 1 0.3
1996 2 0.59
1996 3 0.3
1996 4 0.22
1996 5 0.38
1996 6 0.25
1996 7 0.29
1996 8 0.18
1996 9 0.06
1996 10 0.05
1996 11 0.38
1996 12 0.39

1997 1 0.38
1997 2 0.55
1997 3 0.78
1997 4 0.52
1997 5 0.44
1997 6 0.5
1997 7 0.44
1997 8 0.46
1997 9 0.55
1997 10 0.68
1997 11 0.6
1997 12 0.54

1998 1 0.66
1998 2 1.06
1998 3 0.73
1998 4 0.89
1998 5 0.67
1998 6 0.74
1998 7 0.79
1998 8 0.74
1998 9 0.62
1998 10 0.58
1998 11 0.6
1998 12 0.76

1999 1 0.6
1999 2 1.01
1999 3 0.32
1999 4 0.55
1999 5 0.43
1999 6 0.39
1999 7 0.37
1999 8 0.36
1999 9 0.41
1999 10 0.44
1999 11 0.56
1999 12 0.72

2000 1 0.35
2000 2 0.88
2000 3 0.87
2000 4 0.88
2000 5 0.57
2000 6 0.48
2000 7 0.43
2000 8 0.5
2000 9 0.39
2000 10 0.31
2000 11 0.2
2000 12 0.3

2001 1 0.55
2001 2 0.48
2001 3 0.78
2001 4 0.59
2001 5 0.63
2001 6 0.56
2001 7 0.64
2001 8 0.68
2001 9 0.56
2001 10 0.62
2001 11 0.95
2001 12 0.67

2002 1 1
2002 2 1.07
2002 3 1.13
2002 4 0.5
2002 5 0.51
2002 6 0.71
2002 7 0.69
2002 8 0.53
2002 9 0.6
2002 10 0.57
2002 11 0.77
2002 12 0.48

2003 1 0.91
2003 2 0.51
2003 3 0.6
2003 4 0.59
2003 5 0.71
2003 6 0.54
2003 7 0.66
2003 8 0.82
2003 9 0.78
2003 10 0.97
2003 11 0.67
2003 12 0.98

2004 1 0.69
2004 2 0.91
2004 3 0.87
2004 4 0.74
2004 5 0.56
2004 6 0.49
2004 7 0.49
2004 8 0.54
2004 9 0.6
2004 10 0.75
2004 11 0.95
2004 12 0.47

2005 1 0.89
2005 2 0.68
2005 3 0.83
2005 4 0.92
2005 5 0.78
2005 6 0.81
2005 7 0.77
2005 8 0.7
2005 9 0.91
2005 10 0.94
2005 11 1.02
2005 12 0.79

2006 1 0.64
2006 2 0.89
2006 3 0.79
2006 4 0.61
2006 5 0.73
2006 6 0.78
2006 7 0.66
2006 8 0.65
2006 9 0.75
2006 10 0.97
2006 11 0.93
2006 12 1.11

2007 1 1.32
2007 2 0.93
2007 3 0.93
2007 4 1.07
2007 5 0.71
2007 6 0.65
2007 7 0.63
2007 8 0.7
2007 9 0.67
2007 10 0.83
2007 11 0.78
2007 12 0.73

2008 1 0.22
2008 2 0.51
2008 3 1.1
2008 4 0.65
2008 5 0.6
2008 6 0.63
2008 7 0.58
2008 8 0.6
2008 9 0.58
2008 10 0.85
2008 11 0.9
2008 12 0.66

2009 1 0.79
2009 2 0.7
2009 3 0.58
2009 4 0.67
2009 5 0.65
2009 6 0.69
2009 7 0.63
2009 8 0.7
2009 9 0.78
2009 10 0.74
2009 11 0.8
2009 12 0.68

2010 1 0.77
2010 2 0.87
2010 3 1.11
2010 4 1.15
2010 5 0.93
2010 6 0.81
2010 7 0.85
2010 8 0.82
2010 9 0.65
2010 10 0.88
2010 11 1.16
2010 12 0.57

2011 1 0.56
2011 2 0.62
2011 3 0.87
2011 4 0.81
2011 5 0.63
2011 6 0.73
2011 7 0.7
2011 8 0.67
2011 9 0.68
2011 10 0.87
2011 11 0.61
2011 12 0.76

2012 1 0.61
2012 2 0.56
2012 3 0.71
2012 4 1.02
2012 5 0.91
2012 6 0.87
2012 7 0.8
2012 8 0.7
2012 9 0.86
2012 10 0.85
2012 11 0.9
2012 12 0.46

2013 1 0.79
2013 2 0.65
2013 3 0.8
2013 4 0.66
2013 5 0.76
2013 6 0.73
2013 7 0.68
2013 8 0.67
2013 9 0.69
2013 10 0.81
2013 11 1.04
2013 12 0.78

2014 1 0.94
2014 2 0.68
2014 3 1.17
2014 4 1.04
2014 5 0.9
2014 6 0.82
2014 7 0.73
2014 8 0.89
2014 9 0.85
2014 10 0.96
2014 11 0.82
2014 12 1.09

2015 1 1.13
2015 2 1.14
2015 3 1.22
2015 4 1.01
2015 5 0.97
2015 6 1.03
2015 7 0.87
2015 8 0.98
2015 9 1.11
2015 10 1.23
2015 11 1.37
2015 12 1.44

2016 1 1.54
2016 2 1.92
2016 3 1.82
2016 4 1.46
2016 5 1.03
2016 6 1.08
2016 7 1.01
2016 8 1.05
2016 9 1.16
2016 10 1.04
2016 11 1.11
2016 12 1

